[gd_scene load_steps=6 format=2]

[ext_resource path="res://Scripts/Jogador.gd" type="Script" id=1]
[ext_resource path="res://Scripts/orb.gd" type="Script" id=2]
[ext_resource path="res://Personagem/Character.tscn" type="PackedScene" id=3]
[ext_resource path="res://Personagem/CharacterAnimator.gd" type="Script" id=4]

[sub_resource type="CapsuleShape" id=1]

radius = 1.0
height = 3.16395

[node name="Jogador" type="KinematicBody"]

transform = Transform( 1, 0, 0, 0, 1, 0, 0, 0, 1, 0, 1.50045, 0 )
input_ray_pickable = true
input_capture_on_drag = false
collision_layer = 1
collision_mask = 4
axis_lock_linear_x = false
axis_lock_linear_y = false
axis_lock_linear_z = false
axis_lock_angular_x = false
axis_lock_angular_y = false
axis_lock_angular_z = false
collision/safe_margin = 0.006
script = ExtResource( 1 )
_sections_unfolded = [ "Angular", "Collision", "Linear", "Matrix", "Motion", "Pause", "Transform", "Visibility", "collision" ]
active = false

[node name="CollisionShape" type="CollisionShape" parent="." index="0"]

transform = Transform( 1, 0, -3.01839e-011, -3.01876e-011, -0.000345306, -1, 0, 1, -0.000345306, -0.0175426, 1.08112, -4.69559e-005 )
shape = SubResource( 1 )
disabled = false
_sections_unfolded = [ "Transform", "Visibility" ]

[node name="orb" type="Spatial" parent="." index="1"]

transform = Transform( 1, 0, 0, 0, 1, 0, 0, 0, 1, 0, 2.66812, 0 )
script = ExtResource( 2 )
_sections_unfolded = [ "Matrix", "Transform" ]
active = false

[node name="Origem" type="Spatial" parent="orb" index="0"]

editor/display_folded = true
transform = Transform( 0.999989, 0.0041395, -0.00224136, -0.00312115, 0.939481, 0.342585, 0.00352385, -0.342575, 0.939484, -0.239445, 2.51229, 7.76511 )
_sections_unfolded = [ "Transform" ]

[node name="Camera" type="Camera" parent="orb/Origem" index="0"]

transform = Transform( 1, 0.000386362, 0.000599958, -0.000291236, 0.98851, -0.151155, -0.000651467, 0.151155, 0.98851, 0.00157872, -0.589741, -0.384825 )
visible = false
keep_aspect = 1
cull_mask = 1048575
environment = null
h_offset = 0.0
v_offset = 0.0
doppler_tracking = 0
projection = 0
current = false
fov = 70.0
size = 1.0
near = 0.05
far = 1000.0
_sections_unfolded = [ "Transform", "Visibility" ]

[node name="Porision" type="RayCast" parent="orb" index="1"]

transform = Transform( 0.573577, 0.0491518, -0.817676, 0, 0.998198, 0.0600033, 0.819153, -0.0344165, 0.572543, 0, -0.929965, 0 )
enabled = true
exclude_parent = true
cast_to = Vector3( 2.7, 0, 0 )
collision_mask = 2
_sections_unfolded = [ "Matrix", "Transform", "Visibility" ]

[node name="Personagem" parent="." index="2" instance=ExtResource( 3 )]

transform = Transform( -75, 0, -6.55671e-006, 0, 75, 0, 6.55671e-006, 0, -75, 0, -1.49812, 0 )
script = ExtResource( 4 )


